5.000000000000000000e+01
1.000000000000000000e+02
1.500000000000000000e+02
2.000000000000000000e+02
2.500000000000000000e+02
3.000000000000000000e+02
3.500000000000000000e+02
4.000000000000000000e+02
4.500000000000000000e+02
5.000000000000000000e+02
5.500000000000000000e+02
6.000000000000000000e+02
6.500000000000000000e+02
7.000000000000000000e+02
7.500000000000000000e+02
8.000000000000000000e+02
8.500000000000000000e+02
9.000000000000000000e+02
9.500000000000000000e+02
1.000000000000000000e+03
1.050000000000000000e+03
1.100000000000000000e+03
1.150000000000000000e+03
1.200000000000000000e+03
1.250000000000000000e+03
1.300000000000000000e+03
1.350000000000000000e+03
1.400000000000000000e+03
1.450000000000000000e+03
1.500000000000000000e+03
1.550000000000000000e+03
1.600000000000000000e+03
1.650000000000000000e+03
1.700000000000000000e+03
1.750000000000000000e+03
1.800000000000000000e+03
1.850000000000000000e+03
1.900000000000000000e+03
1.950000000000000000e+03
