1.564564270213910369e-01
2.254693452668098119e-01
4.057918395538901574e-02
1.429590972057264153e-01
2.649903204984297433e-01
2.446732425157125135e-01
4.205722661331094681e-02
1.000000000000000000e+00
7.019298312773115944e-02
1.540555089836741220e-01
4.713080911231946890e-02
2.763062275781127397e-01
1.800247678504915960e-01
0.000000000000000000e+00
2.980452006429528122e-01
3.347276745959905653e-01
1.000000000000000000e+00
1.418052738954296010e-01
7.452531692291063103e-02
9.787671770479862143e-01
2.718376265732121988e-01
4.132117208527102403e-01
4.230371620046229353e-01
8.838370394291602539e-01
1.397242317423871005e-01
7.162600429929522061e-01
8.104249935628506929e-01
5.709535438893742487e-01
3.363033238844921613e-02
2.875665576551921232e-01
1.581050627634491557e-01
1.000000000000000000e+00
1.222584542512046429e-01
1.561311254363712819e-01
3.133946909328057528e-01
2.429475907542096580e-01
8.766203278257113374e-02
3.790687513378560025e-01
4.442727659729799744e-02
