0.000000000000000000e+00
3.217471050800327914e-01
9.823426900354519375e-01
0.000000000000000000e+00
0.000000000000000000e+00
2.396102339703871931e-01
1.676755427744164029e-01
1.000000000000000000e+00
2.163767408274369919e-01
2.120136739400030890e-01
1.204959699745156432e-01
1.013114268644119270e-01
1.912754126125471854e-01
1.759590856178380180e-01
3.033357201701182282e-01
2.103756294858228348e-01
1.994303428995266581e-01
1.084217621232185097e-01
7.047464904842133393e-01
1.000000000000000000e+00
0.000000000000000000e+00
0.000000000000000000e+00
0.000000000000000000e+00
4.798512911731864783e-01
2.827872863347976051e-01
9.161249022555637556e-01
9.388763472206704819e-01
8.648069989325586349e-01
0.000000000000000000e+00
5.021432612141636387e-01
0.000000000000000000e+00
6.703510120557317764e-01
7.579351312567935706e-01
1.729905104193616705e-01
1.000000000000000000e+00
0.000000000000000000e+00
0.000000000000000000e+00
1.063877404226779982e-01
4.403468307998414377e-01
2.971435710498621097e-01
